A matrix 

         2          6          0          8          2 
         5          9          8          3          8 
         2          9          1          7          9 
         1          4          7          9          0 
         7          6          4          2          4 
Q matrix 

      0.22       0.36     -0.375      0.518     -0.643 
     0.549      0.199      0.397     -0.583     -0.402 
      0.22      0.709     -0.354     -0.167      0.544 
      0.11      0.296      0.738      0.555       0.22 
     0.768      -0.49      -0.18      0.237      0.284 
R matrix 

      9.11       13.3       8.45       7.46       9.88 
         0       8.58       2.42       10.1       6.74 
         0          0       7.26       1.99      -1.49 
         0          0          0       6.69      -4.18 
         0          0          0          0       1.53 
Q^T*Q
         1   1.11e-16   8.33e-17  -8.33e-17  -9.71e-16 
  1.11e-16          1  -4.16e-17   4.16e-17  -2.78e-17 
  8.33e-17  -4.16e-17          1  -8.33e-17  -1.73e-16 
 -8.33e-17   4.16e-17  -8.33e-17          1  -1.94e-16 
 -9.71e-16  -2.78e-17  -1.73e-16  -1.94e-16          1 
Q*R-A=0
         0          0          0          0  -4.44e-16 
         0          0          0   8.88e-16          0 
         0          0          0   8.88e-16  -1.78e-15 
         0          0          0          0          0 
 -8.88e-16          0          0          0          0 
b vector 
         7          8          9         13          5 
x vector 
     0.482      -1.27      0.625       1.47       0.95 
A*x-b 
  1.07e-14   7.11e-15  -3.55e-15  -1.78e-15  -8.88e-15 
