x=3.1415927 y=2.71828
x=3.1415927 y=2.71828
Sin^2+Cos^2=1
